Sum,TotalCombinations,CombinationRatio_Percent,WinCount,WinRatio_Percent
21,1,0.0,0,0.0
22,1,0.0,0,0.0
23,2,0.0,0,0.0
24,3,0.0,0,0.0
25,5,0.0001,0,0.0
26,7,0.0001,0,0.0
27,11,0.0001,0,0.0
28,14,0.0002,0,0.0
29,20,0.0002,0,0.0
30,26,0.0003,0,0.0
31,35,0.0004,0,0.0
32,44,0.0005,0,0.0
33,58,0.0007,0,0.0
34,71,0.0009,0,0.0
35,90,0.0011,0,0.0
36,110,0.0014,0,0.0
37,136,0.0017,0,0.0
38,163,0.002,0,0.0
39,199,0.0024,0,0.0
40,235,0.0029,0,0.0
41,282,0.0035,0,0.0
42,331,0.0041,0,0.0
43,391,0.0048,0,0.0
44,454,0.0056,0,0.0
45,532,0.0065,0,0.0
46,612,0.0075,0,0.0
47,709,0.0087,0,0.0
48,811,0.01,1,0.0831
49,931,0.0114,0,0.0
50,1057,0.013,1,0.0831
51,1206,0.0148,0,0.0
52,1360,0.0167,0,0.0
53,1540,0.0189,0,0.0
54,1729,0.0212,0,0.0
55,1945,0.0239,0,0.0
56,2172,0.0267,2,0.1663
57,2432,0.0299,0,0.0
58,2702,0.0332,1,0.0831
59,3009,0.0369,0,0.0
60,3331,0.0409,0,0.0
61,3691,0.0453,0,0.0
62,4068,0.0499,0,0.0
63,4490,0.0551,1,0.0831
64,4928,0.0605,1,0.0831
65,5415,0.0665,0,0.0
66,5923,0.0727,1,0.0831
67,6481,0.0796,2,0.1663
68,7062,0.0867,2,0.1663
69,7700,0.0945,1,0.0831
70,8359,0.1026,1,0.0831
71,9079,0.1115,1,0.0831
72,9825,0.1206,1,0.0831
73,10632,0.1305,4,0.3325
74,11466,0.1408,0,0.0
75,12368,0.1518,6,0.4988
76,13294,0.1632,2,0.1663
77,14291,0.1755,1,0.0831
78,15316,0.188,2,0.1663
79,16411,0.2015,6,0.4988
80,17534,0.2153,0,0.0
81,18733,0.23,1,0.0831
82,19955,0.245,1,0.0831
83,21255,0.261,5,0.4156
84,22581,0.2772,3,0.2494
85,23982,0.2944,4,0.3325
86,25407,0.3119,3,0.2494
87,26912,0.3304,5,0.4156
88,28434,0.3491,4,0.3325
89,30036,0.3688,8,0.665
90,31656,0.3887,6,0.4988
91,33351,0.4095,8,0.665
92,35060,0.4304,1,0.0831
93,36847,0.4524,7,0.5819
94,38638,0.4744,2,0.1663
95,40505,0.4973,7,0.5819
96,42375,0.5203,9,0.7481
97,44313,0.544,3,0.2494
98,46247,0.5678,12,0.9975
99,48250,0.5924,9,0.7481
100,50236,0.6168,8,0.665
101,52286,0.6419,6,0.4988
102,54316,0.6669,9,0.7481
103,56399,0.6924,4,0.3325
104,58453,0.7176,9,0.7481
105,60559,0.7435,12,0.9975
106,62621,0.7688,2,0.1663
107,64728,0.7947,4,0.3325
108,66787,0.82,9,0.7481
109,68878,0.8456,16,1.33
110,70911,0.8706,10,0.8313
111,72974,0.8959,11,0.9144
112,74963,0.9203,7,0.5819
113,76974,0.945,10,0.8313
114,78907,0.9688,16,1.33
115,80848,0.9926,14,1.1638
116,82701,1.0154,19,1.5794
117,84560,1.0382,11,0.9144
118,86315,1.0597,12,0.9975
119,88068,1.0812,7,0.5819
120,89714,1.1015,10,0.8313
121,91344,1.1215,12,0.9975
122,92858,1.1401,15,1.2469
123,94355,1.1584,11,0.9144
124,95721,1.1752,17,1.4131
125,97063,1.1917,15,1.2469
126,98273,1.2065,12,0.9975
127,99446,1.2209,17,1.4131
128,100480,1.2336,23,1.9119
129,101478,1.2459,7,0.5819
130,102324,1.2563,19,1.5794
131,103129,1.2662,17,1.4131
132,103784,1.2742,18,1.4963
133,104387,1.2816,17,1.4131
134,104836,1.2871,19,1.5794
135,105237,1.292,14,1.1638
136,105474,1.2949,17,1.4131
137,105661,1.2972,11,0.9144
138,105690,1.2976,16,1.33
139,105661,1.2972,15,1.2469
140,105474,1.2949,15,1.2469
141,105237,1.292,12,0.9975
142,104836,1.2871,17,1.4131
143,104387,1.2816,12,0.9975
144,103784,1.2742,23,1.9119
145,103129,1.2662,12,0.9975
146,102324,1.2563,11,0.9144
147,101478,1.2459,14,1.1638
148,100480,1.2336,19,1.5794
149,99446,1.2209,9,0.7481
150,98273,1.2065,11,0.9144
151,97063,1.1917,11,0.9144
152,95721,1.1752,16,1.33
153,94355,1.1584,8,0.665
154,92858,1.1401,12,0.9975
155,91344,1.1215,14,1.1638
156,89714,1.1015,10,0.8313
157,88068,1.0812,12,0.9975
158,86315,1.0597,9,0.7481
159,84560,1.0382,8,0.665
160,82701,1.0154,14,1.1638
161,80848,0.9926,7,0.5819
162,78907,0.9688,11,0.9144
163,76974,0.945,14,1.1638
164,74963,0.9203,16,1.33
165,72974,0.8959,18,1.4963
166,70911,0.8706,10,0.8313
167,68878,0.8456,9,0.7481
168,66787,0.82,6,0.4988
169,64728,0.7947,15,1.2469
170,62621,0.7688,8,0.665
171,60559,0.7435,6,0.4988
172,58453,0.7176,12,0.9975
173,56399,0.6924,7,0.5819
174,54316,0.6669,9,0.7481
175,52286,0.6419,17,1.4131
176,50236,0.6168,10,0.8313
177,48250,0.5924,8,0.665
178,46247,0.5678,7,0.5819
179,44313,0.544,4,0.3325
180,42375,0.5203,4,0.3325
181,40505,0.4973,3,0.2494
182,38638,0.4744,8,0.665
183,36847,0.4524,7,0.5819
184,35060,0.4304,6,0.4988
185,33351,0.4095,4,0.3325
186,31656,0.3887,3,0.2494
187,30036,0.3688,4,0.3325
188,28434,0.3491,5,0.4156
189,26912,0.3304,4,0.3325
190,25407,0.3119,4,0.3325
191,23982,0.2944,3,0.2494
192,22581,0.2772,5,0.4156
193,21255,0.261,4,0.3325
194,19955,0.245,4,0.3325
195,18733,0.23,1,0.0831
196,17534,0.2153,5,0.4156
197,16411,0.2015,3,0.2494
198,15316,0.188,2,0.1663
199,14291,0.1755,2,0.1663
200,13294,0.1632,1,0.0831
201,12368,0.1518,4,0.3325
202,11466,0.1408,2,0.1663
203,10632,0.1305,3,0.2494
204,9825,0.1206,0,0.0
205,9079,0.1115,1,0.0831
206,8359,0.1026,0,0.0
207,7700,0.0945,2,0.1663
208,7062,0.0867,1,0.0831
209,6481,0.0796,2,0.1663
210,5923,0.0727,1,0.0831
211,5415,0.0665,1,0.0831
212,4928,0.0605,1,0.0831
213,4490,0.0551,1,0.0831
214,4068,0.0499,0,0.0
215,3691,0.0453,0,0.0
216,3331,0.0409,0,0.0
217,3009,0.0369,1,0.0831
218,2702,0.0332,0,0.0
219,2432,0.0299,1,0.0831
220,2172,0.0267,1,0.0831
221,1945,0.0239,0,0.0
222,1729,0.0212,0,0.0
223,1540,0.0189,1,0.0831
224,1360,0.0167,0,0.0
225,1206,0.0148,0,0.0
226,1057,0.013,0,0.0
227,931,0.0114,0,0.0
228,811,0.01,0,0.0
229,709,0.0087,1,0.0831
230,612,0.0075,0,0.0
231,532,0.0065,0,0.0
232,454,0.0056,0,0.0
233,391,0.0048,0,0.0
234,331,0.0041,0,0.0
235,282,0.0035,0,0.0
236,235,0.0029,0,0.0
237,199,0.0024,0,0.0
238,163,0.002,1,0.0831
239,136,0.0017,0,0.0
240,110,0.0014,0,0.0
241,90,0.0011,0,0.0
242,71,0.0009,0,0.0
243,58,0.0007,0,0.0
244,44,0.0005,0,0.0
245,35,0.0004,0,0.0
246,26,0.0003,0,0.0
247,20,0.0002,0,0.0
248,14,0.0002,0,0.0
249,11,0.0001,0,0.0
250,7,0.0001,0,0.0
251,5,0.0001,0,0.0
252,3,0.0,0,0.0
253,2,0.0,0,0.0
254,1,0.0,0,0.0
255,1,0.0,0,0.0